0,0001395  752,01342634  total: 0,10490587297443BTC     752,01342634
0,000141  3,72081884  total: 0,10543050843087BTC     755,73424518
0,00014391  57,4036  total: 0,11369146050687BTC     813,13784518
0,00014448  522,40198262  total: 0,189168098955808BTC     1335,5398278
0,00014449  191,87112472  total: 0,2168915577666BTC     1527,41095252
0,0001445  1400  total: 0,4191915577666BTC     2927,41095252
0,000147  8,95548743  total: 0,42050801441881BTC     2936,36643995
0,000149  22,05943109  total: 0,42379486965122BTC     2958,42587104
0,00014949  154,61856771  total: 0,446908799338188BTC     3113,04443875
0,0001495  257,69761285  total: 0,485434592459263BTC     3370,7420516
0,00014974  393,2109809  total: 0,544314004739229BTC     3763,9530325
0,00014999  76,50544584  total: 0,555789056560771BTC     3840,45847834
0,00015  60  total: 0,564789056560771BTC     3900,45847834
0,00015001  2289,10195967  total: 0,908177241530868BTC     6189,56043801
0,00015088  22,7  total: 0,911602217530868BTC     6212,26043801
0,00015091  6,44204379  total: 0,912574386359217BTC     6218,7024818
0,00015499  30  total: 0,917224086359217BTC     6248,7024818
0,000155  4,0142953  total: 0,917846302130717BTC     6252,7167771
0,00015529  308,55538802  total: 0,965761868336342BTC     6561,27216512
0,0001557  370  total: 1,02337086833634BTC     6931,27216512
0,000156  391,00229455  total: 1,08436722628614BTC     7322,27445967
0,000157  14,09931507  total: 1,08658081875213BTC     7336,37377474
0,00015731  11,54801085  total: 1,08839743633895BTC     7347,92178559
0,00015784  14,6314858  total: 1,09070687005762BTC     7362,55327139
0,00015797  95,71701472  total: 1,10582728687294BTC     7458,27028611
0,00015798  191,43402945  total: 1,13607003484545BTC     7649,70431556
0,000158  317,5936  total: 1,18624982364545BTC     7967,29791556
0,00015825  22,2  total: 1,18976297364545BTC     7989,49791556
0,00016  378,36724622  total: 1,25030173304065BTC     8367,86516178
0,000161  50  total: 1,25835173304065BTC     8417,86516178
0,0001616  3,97046889  total: 1,25899336081327BTC     8421,83563067
0,00016195  872,28252873  total: 1,40025951634109BTC     9294,1181594
0,00016196  746,0331083  total: 1,52108703856136BTC     10040,1512677
0,000162  5,32464968  total: 1,52194963180952BTC     10045,47591738
0,00016209  332,4247058  total: 1,57583235237264BTC     10377,90062318
0,00016273  434,82999128  total: 1,64659223685364BTC     10812,73061446
0,00016289  50  total: 1,65473673685364BTC     10862,73061446
0,000163  10,59607837  total: 1,65646389762795BTC     10873,32669283
0,00016349  33,29999999  total: 1,66190811462631BTC     10906,62669282
0,000164  1104  total: 1,84296411462631BTC     12010,62669282
0,00016411  20  total: 1,84624631462631BTC     12030,62669282
0,00016425  182,64840183  total: 1,87624631462689BTC     12213,27509465
0,00016428  12,69108309  total: 1,87833120575692BTC     12225,96617774
0,00016447  29,01891504  total: 1,88310394671355BTC     12254,98509278
0,000165  12,02087452  total: 1,88508739100935BTC     12267,0059673
0,00016619  32,54784533  total: 1,89049651742474BTC     12299,55381263
0,000168  22,29250883  total: 1,89424165890818BTC     12321,84632146
0,0001681  65,19181753  total: 1,90520040343497BTC     12387,03813899
0,00016839  186,01129883  total: 1,93652284604496BTC     12573,04943782
0,00016899  222  total: 1,97403862604496BTC     12795,04943782
0,000169  24,06948405  total: 1,97810636884941BTC     12819,11892187
0,00016992  21,39999999  total: 1,98174265684771BTC     12840,51892186
0,00017  3,58660606  total: 1,98235237987791BTC     12844,10552792
0,00017009  20,93555458  total: 1,98591330835642BTC     12865,0410825
0,0001709  3,56780924  total: 1,98652304695553BTC     12868,60889174
0,00017157  62,65194478  total: 1,99727224112144BTC     12931,26083652
0,00017195  89  total: 2,01257579112144BTC     13020,26083652
0,000172  294  total: 2,06314379112144BTC     13314,26083652
0,000173  5,01327272  total: 2,064011087302BTC     13319,27410924
0,00017305  32,29999999  total: 2,06960060230027BTC     13351,57410923
0,0001732  142,37825932  total: 2,09426051681449BTC     13493,95236855
0,00017322  120  total: 2,11504691681449BTC     13613,95236855
0,000174  3,37371257  total: 2,11563394280167BTC     13617,32608112
0,000175  5,54911764  total: 2,11660503838867BTC     13622,87519876
0,00017511  109  total: 2,13569202838867BTC     13731,87519876
0,00017521  680,65432692  total: 2,25494947300833BTC     14412,52952568
0,00017558  172,14983012  total: 2,28517554018079BTC     14584,6793558
0,000176  187,96237514  total: 2,31825691820544BTC     14772,64173094
0,000177  18,73911421  total: 2,32157374142061BTC     14791,38084515
0,00017942  213,98169386  total: 2,35996633693297BTC     15005,36253901
0,00018  14,97092292  total: 2,36266110305857BTC     15020,33346193
0,00018027  23,21939354  total: 2,36684686313202BTC     15043,55285547
0,000181  3,54971751  total: 2,36748936200133BTC     15047,10257298
0,000182  657,35062002  total: 2,48712717484497BTC     15704,453193
0,0001825  391,85729669  total: 2,5586411314909BTC     16096,31048969
0,000184  3,30765363  total: 2,55924973975882BTC     16099,61814332
0,00018584  1184,04877125  total: 2,77929336340792BTC     17283,66691457
0,000186  12,3262912  total: 2,78158605357112BTC     17295,99320577
0,00018617  70,93393284  total: 2,79479182384794BTC     17366,92713861
0,000188  7,56015914  total: 2,79621313376626BTC     17374,48729775
0,000189  3,5264054  total: 2,79687962438686BTC     17378,01370315
0,0001897  8,70446039  total: 2,79853086052284BTC     17386,71816354
0,00018981  453,76955127  total: 2,8846608590494BTC     17840,48771481
0,00019  20,11056157  total: 2,8884818657477BTC     17860,59827638
0,00019178  76,8566819  total: 2,90322144020248BTC     17937,45495828
0,000192  10,24703905  total: 2,90518887170008BTC     17947,70199733
0,00019293  656,55806301  total: 3,0318586187966BTC     18604,26006034
0,000193  3,56172131  total: 3,03254603100943BTC     18607,82178165
0,0001949  9,68829066  total: 3,03443427885907BTC     18617,51007231
0,000195  3,51357894  total: 3,03511942675237BTC     18621,02365125
0,000196  14,27440735  total: 3,03791721059297BTC     18635,2980586
0,000198  8,57639363  total: 3,03961533653171BTC     18643,87445223
0,000201  44,45734436  total: 3,04855126274807BTC     18688,33179659
0,00020199  257,50047095  total: 3,10056378287526BTC     18945,83226754
0,00020233  35,85564763  total: 3,10781845606024BTC     18981,68791517
0,0002031  37,80374293  total: 3,11549639624932BTC     19019,4916581
0,0002032  25,098863  total: 3,12059648521092BTC     19044,5905211
0,000204  3,73898989  total: 3,12135923914848BTC     19048,32951099
0,00020554  160,61200024  total: 3,15437142967781BTC     19208,94151123
0,00020791  15,87467345  total: 3,1576719330348BTC     19224,81618468
0,00020993  50  total: 3,1681684330348BTC     19274,81618468
0,00021  501,12417561  total: 3,2734045099129BTC     19775,94036029
0,00021171  605,02606836  total: 3,40149457884539BTC     20380,96642865
0,000213  4,31235576  total: 3,40241311062227BTC     20385,27878441
0,00021526  69,05151638  total: 3,41727714003823BTC     20454,33030079
0,000217  23,44336084  total: 3,42236434934051BTC     20477,77366163
0,000218  20  total: 3,42672434934051BTC     20497,77366163
0,00021802  5  total: 3,42781444934051BTC     20502,77366163
0,00021901  806,70142448  total: 3,60449012831588BTC     21309,47508611
0,00022  100  total: 3,62649012831588BTC     21409,47508611
0,000221  109,96735862  total: 3,6507929145709BTC     21519,44244473
0,000223  100  total: 3,6730929145709BTC     21619,44244473
0,000224  100  total: 3,6954929145709BTC     21719,44244473
0,000225  200  total: 3,7404929145709BTC     21919,44244473
0,00022661  26,21121825  total: 3,74643263873853BTC     21945,65366298
0,000228  100  total: 3,76923263873853BTC     22045,65366298
0,000229  100  total: 3,79213263873853BTC     22145,65366298
0,00022998  43,87155758  total: 3,80222221955078BTC     22189,52522056
0,00023  177,39933652  total: 3,84302406695038BTC     22366,92455708
0,00023056  367,12570942  total: 3,92766857051425BTC     22734,0502665
0,000234  38,14693472  total: 3,93659495323873BTC     22772,19720122
0,000235  20,10616234  total: 3,94131990138863BTC     22792,30336356
0,000236  120  total: 3,96963990138863BTC     22912,30336356
0,000237  120  total: 3,99807990138863BTC     23032,30336356
0,00023712  100  total: 4,02179190138863BTC     23132,30336356
0,000238  120  total: 4,05035190138863BTC     23252,30336356
0,00023821  50  total: 4,06226240138863BTC     23302,30336356
0,000239  120  total: 4,09094240138863BTC     23422,30336356
0,00023997  50  total: 4,10294090138863BTC     23472,30336356
0,00023998  100  total: 4,12693890138863BTC     23572,30336356
0,00024  1530,39077543  total: 4,49423268749183BTC     25102,69413899
0,000244  100  total: 4,51863268749183BTC     25202,69413899
0,00024444  249,27834477  total: 4,57956628608741BTC     25451,97248376
0,0002445  50  total: 4,59179128608741BTC     25501,97248376
0,000245  800  total: 4,78779128608741BTC     26301,97248376
0,000248  100  total: 4,81259128608741BTC     26401,97248376
0,0002485  55  total: 4,82625878608741BTC     26456,97248376
0,000249  50  total: 4,83870878608741BTC     26506,97248376
0,00025  1465,70616314  total: 5,20513532687241BTC     27972,6786469
0,0002525  230  total: 5,26321032687241BTC     28202,6786469
0,000253  4,02557319  total: 5,26422879688948BTC     28206,70422009
0,0002535  250  total: 5,32760379688948BTC     28456,70422009
0,000254  50  total: 5,34030379688948BTC     28506,70422009
0,000255  725  total: 5,52517879688948BTC     29231,70422009
0,00025579  5  total: 5,52645774688948BTC     29236,70422009
0,000256  21,89766542  total: 5,532063549237BTC     29258,60188551
0,00026  785  total: 5,736163549237BTC     30043,60188551
0,000263  100  total: 5,762463549237BTC     30143,60188551
0,000265  300  total: 5,841963549237BTC     30443,60188551
0,000268  50  total: 5,855363549237BTC     30493,60188551
0,00027  100  total: 5,882363549237BTC     30593,60188551
0,000271  7,07600835  total: 5,88428114749985BTC     30600,67789386
0,00027166  2,1560184  total: 5,88486685145839BTC     30602,83391226
0,00027288  15,92409256  total: 5,88921221783617BTC     30618,75800482
0,000275  1052,75007874  total: 6,17871848948967BTC     31671,50808356
0,00027665  30  total: 6,18701798948967BTC     31701,50808356
0,000282  50  total: 6,20111798948967BTC     31751,50808356
0,000285  150  total: 6,24386798948967BTC     31901,50808356
0,000287  50  total: 6,25821798948967BTC     31951,50808356
0,000289  84,68858131  total: 6,28269298948826BTC     32036,19666487
0,00029  55  total: 6,29864298948826BTC     32091,19666487
0,00029201  50  total: 6,31324348948826BTC     32141,19666487
0,000293  50  total: 6,32789348948826BTC     32191,19666487
0,000294  55  total: 6,34406348948826BTC     32246,19666487
0,000295  50  total: 6,35881348948826BTC     32296,19666487
0,00029501  50  total: 6,37356398948826BTC     32346,19666487
0,000296  50  total: 6,38836398948826BTC     32396,19666487
0,0002961  33,38336491  total: 6,39824880383811BTC     32429,58002978
0,00029801  50  total: 6,41314930383811BTC     32479,58002978
0,00029933  24,87380497  total: 6,42059477987978BTC     32504,45383475
0,0003  50  total: 6,43559477987978BTC     32554,45383475
0,00030027  3,71061989  total: 6,43670896771415BTC     32558,16445464
0,000305  100  total: 6,46720896771415BTC     32658,16445464
0,00030859  682,74971761  total: 6,67789870307142BTC     33340,91417225
0,00030988  55  total: 6,69494210307142BTC     33395,91417225
0,00031  550  total: 6,86544210307142BTC     33945,91417225
0,00031018  27,16665127  total: 6,87386865496235BTC     33973,08082352
0,000315  50  total: 6,88961865496235BTC     34023,08082352
0,00031832  6  total: 6,89152857496235BTC     34029,08082352
0,00032  1350  total: 7,32352857496235BTC     35379,08082352
0,0003214  1285,19612278  total: 7,73659060882384BTC     36664,2769463
0,0003245  159,33388034  total: 7,78829445299417BTC     36823,61082664
0,000325  50  total: 7,80454445299417BTC     36873,61082664
0,00032859  500  total: 7,96883945299417BTC     37373,61082664
0,00033  10  total: 7,97213945299417BTC     37383,61082664
0,000335  10  total: 7,97548945299417BTC     37393,61082664
0,00033579  1,5  total: 7,97599313799417BTC     37395,11082664
0,0003366  10  total: 7,97935913799417BTC     37405,11082664
0,00034  10  total: 7,98275913799417BTC     37415,11082664
0,0003415  3,46758586  total: 7,98394331856536BTC     37418,5784125
0,00034372  23,27938627  total: 7,99194490921408BTC     37441,85779877
0,000344  17,395539  total: 7,99792897463008BTC     37459,25333777
0,00034453  10  total: 8,00137427463008BTC     37469,25333777
0,000345  10  total: 8,00482427463009BTC     37479,25333777
0,00034859  500  total: 8,17911927463009BTC     37979,25333777
0,00035  89,342313  total: 8,21038908418009BTC     38068,59565077
0,000352  55  total: 8,22974908418009BTC     38123,59565077
0,00035229  30  total: 8,24031778418009BTC     38153,59565077
0,000355  167,37349142  total: 8,29973537363419BTC     38320,96914219
0,00035563  48,68824945  total: 8,31705037578609BTC     38369,65739164
0,00036  16,30468878  total: 8,32292006374689BTC     38385,96208042
0,00036048  40  total: 8,33733926374689BTC     38425,96208042
0,000365  60  total: 8,35923926374689BTC     38485,96208042
0,00036859  500  total: 8,54353426374689BTC     38985,96208042
0,00037098  208,71049413  total: 8,62096168285924BTC     39194,67257455
0,000372  115,32828013  total: 8,6638638030676BTC     39310,00085468
0,0003732  253,47810372  total: 8,7584618313759BTC     39563,4789584
0,00037402  25,0071972  total: 8,76781502327265BTC     39588,4861556
0,000375  50  total: 8,78656502327265BTC     39638,4861556
0,000376  11,20506421  total: 8,79077812741561BTC     39649,69121981
0,00037858  20  total: 8,79834972741561BTC     39669,69121981
0,00038213  10  total: 8,80217102741561BTC     39679,69121981
0,0003823  141,11430813  total: 8,85611902741371BTC     39820,80552794
0,0003825  1132,73179934  total: 9,28938894066126BTC     40953,53732728
0,00038272  1,82919395  total: 9,2900890097698BTC     40955,36652123
0,0003833  10  total: 9,2939220097698BTC     40965,36652123
0,000384  10  total: 9,2977620097698BTC     40975,36652123
0,0003843  10  total: 9,3016050097698BTC     40985,36652123
0,0003845  10  total: 9,3054500097698BTC     40995,36652123
0,000385  60  total: 9,3285500097698BTC     41055,36652123
0,00038512  30  total: 9,3401036097698BTC     41085,36652123
0,00038519  2,59873905  total: 9,34110461806447BTC     41087,96526028
0,0003853  10  total: 9,34495761806447BTC     41097,96526028
0,0003859  20  total: 9,35267561806447BTC     41117,96526028
0,000386  10  total: 9,35653561806447BTC     41127,96526028
0,0003866  10  total: 9,36040161806447BTC     41137,96526028
0,0003869  10  total: 9,36427061806447BTC     41147,96526028
0,000387  10  total: 9,36814061806447BTC     41157,96526028
0,0003879  10  total: 9,37201961806447BTC     41167,96526028
0,00038799  10  total: 9,37589951806447BTC     41177,96526028
0,000388  10  total: 9,37977951806447BTC     41187,96526028
0,00038859  500  total: 9,57407451806447BTC     41687,96526028
0,00039  17,13844871  total: 9,58075851306137BTC     41705,10370899
0,000391  15,18469505  total: 9,58669572882592BTC     41720,28840404
0,00039217  322,07769372  total: 9,71300493797209BTC     42042,36609776
0,000393  10  total: 9,71693493797209BTC     42052,36609776
0,00039324  2  total: 9,7177214179721BTC     42054,36609776
0,000395  50  total: 9,7374714179721BTC     42104,36609776
0,00039825  1500  total: 10,3348464179721BTC     43604,36609776
0,0004  7572,19126863  total: 13,3637229254241BTC     51176,55736639
0,00040039  500  total: 13,5639179254241BTC     51676,55736639
0,0004094  16,74313154  total: 13,5707725634766BTC     51693,30049793
0,00041  10  total: 13,5748725634766BTC     51703,30049793
0,00041002  3,2649756  total: 13,5762112687721BTC     51706,56547353
0,000411  272  total: 13,6880032687721BTC     51978,56547353
0,00041111  597,06055673  total: 13,9334608342494BTC     52575,62603026
0,00041611  2,7050072  total: 13,9345864147953BTC     52578,33103746
0,00041799  758,92867953  total: 14,2518110135521BTC     53337,25971699
0,00041999  37  total: 14,2673506435521BTC     53374,25971699
0,00042  10  total: 14,2715506435521BTC     53384,25971699
0,00042002  500  total: 14,4815606435521BTC     53884,25971699
0,00042018  500  total: 14,6916506435521BTC     54384,25971699
0,000421  1,56768229  total: 14,6923106377962BTC     54385,82739928
0,00042154  500  total: 14,9030806377962BTC     54885,82739928
0,0004218  516,2878891  total: 15,1208508694186BTC     55402,11528838
0,000423  500  total: 15,3323508694186BTC     55902,11528838
0,00042315  500  total: 15,5439258694186BTC     56402,11528838
0,00042402  24,9928028  total: 15,5545233176618BTC     56427,10809118
0,0004243  500  total: 15,7666733176618BTC     56927,10809118
0,00042543  500  total: 15,9793883176618BTC     57427,10809118
0,00042765  11,59319559  total: 15,9843461477559BTC     57438,70128677
0,00043  10  total: 15,9886461477559BTC     57448,70128677
0,000436  5,6060781  total: 15,9910903978075BTC     57454,30736487
0,00043754  30  total: 16,0042165978075BTC     57484,30736487
0,00043755  100  total: 16,0479715978075BTC     57584,30736487
0,00043777  2607,80193672  total: 17,1895890516454BTC     60192,10930159
0,000439  100  total: 17,2334890516454BTC     60292,10930159
0,00043983  1500  total: 17,8932340516454BTC     61792,10930159
0,00044  10  total: 17,8976340516454BTC     61802,10930159
0,00044398  1500  total: 18,5636040516454BTC     63302,10930159
0,000444  17  total: 18,5711520516454BTC     63319,10930159
0,00044444  1392,84955574  total: 19,1901901081985BTC     64711,95885733
0,000445  15,55779907  total: 19,1971133287846BTC     64727,5166564
0,00044732  3,77267867  total: 19,1988009234073BTC     64731,28933507
0,000448  5,53121675  total: 19,2012789085113BTC     64736,82055182
0,0004499  109,35409599  total: 19,2504773162972BTC     64846,17464781
0,00045  692,33278153  total: 19,5620270679857BTC     65538,50742934
0,00045039  500  total: 19,7872220679857BTC     66038,50742934
0,00045069  75  total: 19,8210238179857BTC     66113,50742934
0,00045106  1,33033614  total: 19,821623879405BTC     66114,83776548
0,000453  10,67719938  total: 19,8264606507241BTC     66125,51496486
0,00046  100  total: 19,8724606507241BTC     66225,51496486
0,000463  4,04782844  total: 19,8743347952919BTC     66229,5627933
0,0004633  1,15713141  total: 19,8748708942741BTC     66230,71992471
0,000465  2,85  total: 19,8761961442741BTC     66233,56992471
0,000469  20  total: 19,8855761442741BTC     66253,56992471
0,00047  120  total: 19,9419761442741BTC     66373,56992471
0,000471  62  total: 19,9711781442741BTC     66435,56992471
0,00047111  118,74591536  total: 20,0271205324594BTC     66554,31584007
0,00047451  1,07748761  total: 20,0276318111052BTC     66555,39332768
0,00047641  166,72394414  total: 20,1070607653329BTC     66722,11727182
0,000479  21,37047722  total: 20,1172972239213BTC     66743,48774904
0,00048  100  total: 20,1652972239213BTC     66843,48774904
0,0004825  1500  total: 20,8890472239213BTC     68343,48774904
0,000485  102,77170579  total: 20,9388915012294BTC     68446,25945483
0,000486  20  total: 20,9486115012295BTC     68466,25945483
0,000489  1,36751082  total: 20,9492802140204BTC     68467,62696565
0,00049  120  total: 21,0080802140204BTC     68587,62696565
0,00049206  301,82919395  total: 21,1565982871955BTC     68889,4561596
0,000495  2,02542184  total: 21,1576008710063BTC     68891,48158144
0,00049529  1244,50485959  total: 21,7739916829126BTC     70135,98644103
0,00049765  5,08706309  total: 21,7765232598593BTC     70141,07350412
0,000498  52,18  total: 21,8025088998593BTC     70193,25350412
0,000499  20  total: 21,8124888998593BTC     70213,25350412
0,00049987  10,5  total: 21,8177375348593BTC     70223,75350412
0,0005  869,50543694  total: 22,2524902533293BTC     71093,25894106
0,000502  1,1  total: 22,2530424533293BTC     71094,35894106
0,0005068  5  total: 22,2555764533293BTC     71099,35894106
0,0005084  7,017  total: 22,2591438961293BTC     71106,37594106
0,00051  120  total: 22,3203438961293BTC     71226,37594106
0,00052  100  total: 22,3723438961293BTC     71326,37594106
0,00052468  20  total: 22,3828374961293BTC     71346,37594106
0,00053  100  total: 22,4358374961293BTC     71446,37594106
0,00054  2471,39330047  total: 23,7703898783831BTC     73917,76924153
0,0005444  1500  total: 24,5869898783831BTC     75417,76924153
0,000545  20  total: 24,5978898783831BTC     75437,76924153
0,00054674  1,28043108  total: 24,5985899412718BTC     75439,04967261
0,0005477  1340,38675799  total: 25,3327197686229BTC     76779,4364306
0,000548  50  total: 25,3601197686229BTC     76829,4364306
0,000549  143,62245213  total: 25,4389684948423BTC     76973,05888273
0,00054953  1000  total: 25,9884984948423BTC     77973,05888273
0,00055  1063,59647756  total: 26,5734765575003BTC     79036,65536029
0,00055187  10  total: 26,5789952575003BTC     79046,65536029
0,00056069  150  total: 26,6630987575003BTC     79196,65536029
0,00056206  130  total: 26,7361665575003BTC     79326,65536029
0,00056299  935,07895296  total: 27,2626066572273BTC     80261,73431325
0,00056581  802,95384981  total: 27,7169259749883BTC     81064,68816306
0,00057407  1,04527007  total: 27,7175260331773BTC     81065,73343313
0,000577  50  total: 27,7463760331773BTC     81115,73343313
0,00058  250  total: 27,8913760331773BTC     81365,73343313
0,00058065  18,13438534  total: 27,901905764025BTC     81383,86781847
0,00058071  905,55707263  total: 28,427771811672BTC     82289,4248911
0,00058163  6,52811176  total: 28,4315687573149BTC     82295,95300286
0,0005825  1507,9307283  total: 29,3099384065497BTC     83803,88373116
0,0005854  10  total: 29,3157924065497BTC     83813,88373116
0,00059  250  total: 29,4632924065497BTC     84063,88373116
0,00059206  130  total: 29,5402602065497BTC     84193,88373116
0,00059649  50  total: 29,5700847065497BTC     84243,88373116
0,00059736  19,66743975  total: 29,5818332483588BTC     84263,55117091
0,0005988  10  total: 29,5878212483588BTC     84273,55117091
0,000599  77,94423564  total: 29,6345098455071BTC     84351,49540655
0,00059999  54,0177671  total: 29,6669199655894BTC     84405,51317365
0,0006  1234,28387249  total: 30,4074902890834BTC     85639,79704614
0,00060222  77,6792163  total: 30,4542702667236BTC     85717,47626244
0,000605  790,91146732  total: 30,9327717044522BTC     86508,38772976
0,0006055  1000  total: 31,5382717044522BTC     87508,38772976
0,000609  77,94423564  total: 31,585739743957BTC     87586,3319654
0,0006093  67,43945771  total: 31,6268306055397BTC     87653,77142311
0,00061  2250  total: 32,9993306055397BTC     89903,77142311
0,00061198  26,3322851  total: 33,0154454373752BTC     89930,10370821
0,00061831  261,68446958  total: 33,1772475617612BTC     90191,78817779
0,00062  453,49220588  total: 33,4584127294068BTC     90645,28038367
0,00062013  8,110081  total: 33,4634420339373BTC     90653,39046467
0,00062388  16,9764104  total: 33,4740332768577BTC     90670,36687507
0,000627  20  total: 33,4865732768577BTC     90690,36687507
0,0006299  935,07895296  total: 34,0755795093272BTC     91625,44582803
0,00063248  10  total: 34,0819043093272BTC     91635,44582803
0,00063415  4  total: 34,0844409093272BTC     91639,44582803
0,00064  1000  total: 34,7244409093272BTC     92639,44582803
0,00064129  0,86038446  total: 34,7249926652775BTC     92640,30621249
0,00064206  118  total: 34,8007557452775BTC     92758,30621249
0,00064511  3  total: 34,8026910752775BTC     92761,30621249
0,00065  3  total: 34,8046410752775BTC     92764,30621249
0,000655  1000  total: 35,4596410752775BTC     93764,30621249
0,00065563  200  total: 35,5907670752775BTC     93964,30621249
0,00065807  3197,04615019  total: 37,6946472353331BTC     97161,35236268
0,000662  20  total: 37,7078872353331BTC     97181,35236268
0,00067  141,60906705  total: 37,8027653102566BTC     97322,96142973
0,00067187  1,35232671  total: 37,8036738980032BTC     97324,31375644
0,00067195  20  total: 37,8171128980032BTC     97344,31375644
0,000672  3,34596807  total: 37,8193613885463BTC     97347,65972451
0,00068  102,57966257  total: 37,8891155590939BTC     97450,23938708
0,00068192  54,80979875  total: 37,9264914570575BTC     97505,04918583
0,0006825  1500  total: 38,9502414570575BTC     99005,04918583
0,00069048  82  total: 39,0068608170575BTC     99087,04918583
0,00069417  1575,15274345  total: 40,1002845969781BTC     100662,20192928
0,00069709  0,86079901  total: 40,10088465136BTC     100663,06272829
0,0007  1003,52309693  total: 40,803350819211BTC     101666,58582522
0,00070563  935,07895296  total: 41,4631705807882BTC     102601,66477818
0,00070888  0,76918909  total: 41,4637158435503BTC     102602,43396727
0,0007147  140,26864419  total: 41,5639658435529BTC     102742,70261146
0,00072  433  total: 41,8757258435529BTC     103175,70261146
0,00072056  935,07895296  total: 42,5495063338978BTC     104110,78156442
0,00072886  7,81426103  total: 42,5552018361921BTC     104118,59582545
0,00072961  5  total: 42,5588498861921BTC     104123,59582545
0,0007326  20  total: 42,5735018861921BTC     104143,59582545
0,0007335  25,37821349  total: 42,592116805787BTC     104168,97403894
0,00073385  4,16963597  total: 42,5951766931436BTC     104173,14367491
0,00074  0,719  total: 42,5957087531436BTC     104173,86267491
0,00074041  5  total: 42,5994108031436BTC     104178,86267491
0,00074257  1,34668462  total: 42,6004108107419BTC     104180,20935953
0,00075  201,43500163  total: 42,7514870619644BTC     104381,64436116
0,000752  100  total: 42,8266870619644BTC     104481,64436116
0,0007531  6,31568432  total: 42,8314434038258BTC     104487,96004548
0,0007563  935,07895296  total: 43,5386436159494BTC     105423,03899844
0,00076256  36,9901716  total: 43,5668508412047BTC     105460,02917004
0,00077  0,719  total: 43,5674044712047BTC     105460,74817004
0,00077271  49,03669718  total: 43,6052956174826BTC     105509,78486722
0,00077864  11,82268938  total: 43,6145012363415BTC     105521,6075566
0,0007825  1500  total: 44,7882512363415BTC     107021,6075566
0,000786  20  total: 44,8039712363415BTC     107041,6075566
0,00078998  15  total: 44,8158209363415BTC     107056,6075566
0,00079  3047  total: 47,2229509363415BTC     110103,6075566
0,00079355  1,26016004  total: 47,2239509363412BTC     110104,86771664
0,000795  250  total: 47,4227009363412BTC     110354,86771664
0,00079733  1,26  total: 47,4237055721412BTC     110356,12771664
0,00079888  6,96595982  total: 47,4292705381222BTC     110363,09367646
0,00079902  102,54964361  total: 47,5112097543595BTC     110465,64332007
0,0007995  100  total: 47,5911597543595BTC     110565,64332007
0,0008  2260,38061531  total: 49,3994642466075BTC     112826,02393538
0,00080091  0,03417928  total: 49,3994916211346BTC     112826,05811466
0,000805  250  total: 49,6007416211346BTC     113076,05811466
0,000806  20  total: 49,6168616211346BTC     113096,05811466
0,00081  250  total: 49,8193616211346BTC     113346,05811466
0,00081497  6,2  total: 49,8244144351346BTC     113352,25811466
0,00081499  1200  total: 50,8024024351346BTC     114552,25811466
0,00081538  1,84329668  total: 50,8039054223816BTC     114554,10141134
0,00081844  1000  total: 51,6223454223816BTC     115554,10141134
0,00081961  24,0948  total: 51,6420937614096BTC     115578,19621134
0,0008199  10  total: 51,6502927614096BTC     115588,19621134
0,0008201  0,61121817  total: 51,6507940214308BTC     115588,80742951
0,00082806  1566,47134225  total: 52,9479262810943BTC     117155,27877176
0,00082888  30  total: 52,9727926810943BTC     117185,27877176
0,00083  0,719  total: 52,9733894510943BTC     117185,99777176
0,0008332  935,07895296  total: 53,7524972347006BTC     118121,07672472
0,000835  20  total: 53,7691972347006BTC     118141,07672472
0,0008363  0,6  total: 53,7696990147006BTC     118141,67672472
0,000838  20  total: 53,7864590147006BTC     118161,67672472
0,0008397  2  total: 53,7881384147006BTC     118163,67672472
0,000842  100  total: 53,8723384147006BTC     118263,67672472
0,00084242  2,323803  total: 53,8742960328239BTC     118266,00052772
0,00084717  0,59167375  total: 53,8747972810746BTC     118266,59220147
0,00085  524,45640817  total: 54,3205852280191BTC     118791,04860964
0,00085999  154,50084832  total: 54,4534544125659BTC     118945,54945796
0,00086  0,719  total: 54,4540727525659BTC     118946,26845796
0,0008639  18,80809684  total: 54,4703210674259BTC     118965,0765548
0,00086721  3,70106558  total: 54,4735306685076BTC     118968,77762038
0,00086785  50,5  total: 54,5173570935076BTC     119019,27762038
0,000872  100  total: 54,6045570935076BTC     119119,27762038
0,00087646  45  total: 54,6439977935076BTC     119164,27762038
0,00087852  2,879393  total: 54,6465273978459BTC     119167,15701338
0,0008797  6,59446564  total: 54,6523285492694BTC     119173,75147902
0,00087988  25,5405  total: 54,6748011244094BTC     119199,29197902
0,0008825  1500  total: 55,9985511244094BTC     120699,29197902
0,000888  20  total: 56,0163111244094BTC     120719,29197902
0,00088953  0,56349881  total: 56,0168123735059BTC     120719,85547783
0,00089  0,719  total: 56,0174522835059BTC     120720,57447783
0,0008969  140  total: 56,1430182835059BTC     120860,57447783
0,0009  446,68313573  total: 56,5450331056629BTC     121307,25761356
0,000912  100  total: 56,6362331056629BTC     121407,25761356
0,00091222  32  total: 56,6654241456629BTC     121439,25761356
0,00091321  649,2104704  total: 57,2582896393369BTC     122088,46808396
0,00091511  25  total: 57,2811673893369BTC     122113,46808396
0,000916  10,95  total: 57,2911975893369BTC     122124,41808396
0,0009176  457  total: 57,7105407893369BTC     122581,41808396
0,00092  0,719  total: 57,7112022693369BTC     122582,13708396
0,00092236  30  total: 57,7388730693369BTC     122612,13708396
0,00092838  16,2  total: 57,7539128253369BTC     122628,33708396
0,00093063  1485,58082859  total: 59,1364389118476BTC     124113,91791255
0,00093306  64  total: 59,1961547518476BTC     124177,91791255
0,0009332  935,07895296  total: 60,0687704307499BTC     125112,99686551
0,00093401  0,53666554  total: 60,0692716817309BTC     125113,53353105
0,00093511  10  total: 60,0786227817309BTC     125123,53353105
0,000938  170  total: 60,2380827817309BTC     125293,53353105
0,00094014  27,0729  total: 60,2635350979369BTC     125320,60643105
0,00094042  10  total: 60,2729392979369BTC     125330,60643105
0,00094103  12,23011729  total: 60,2844482052103BTC     125342,83654834
0,00094343  324,50873282  total: 60,5905994790147BTC     125667,34528116
0,00094345  46,8511505  total: 60,6348011969539BTC     125714,19643166
0,0009435  30  total: 60,6631061969539BTC     125744,19643166
0,0009462  564,59134918  total: 61,197322531548BTC     126308,78778084
0,0009478  20  total: 61,216278531548BTC     126328,78778084
0,00095  0,719  total: 61,216961581548BTC     126329,50678084
0,00095563  300  total: 61,503650581548BTC     126629,50678084
0,00096431  10  total: 61,513293681548BTC     126639,50678084
0,00096488  11,35834904  total: 61,5242531253697BTC     126650,86512988
0,00096874  0,51740867  total: 61,5247543598447BTC     126651,38253855
0,00096875  0,51740867  total: 61,5252555994938BTC     126651,89994722
0,00096877  0,51740867  total: 61,525756849491BTC     126652,41735589
0,00096878  0,51740867  total: 61,5262581046623BTC     126652,93476456
0,00097  2000  total: 63,4662581046623BTC     128652,93476456
0,00097517  2,05605177  total: 63,4682631046669BTC     128654,99081633
0,00097575  4,23037  total: 63,4723908881944BTC     128659,22118633
0,00097626  40  total: 63,5114412881944BTC     128699,22118633
0,00098  1093,23379009  total: 64,5828104024826BTC     129792,45497642
0,0009825  1500  total: 66,0565604024826BTC     131292,45497642
0,000988  20  total: 66,0763204024826BTC     131312,45497642
0,00099786  8,56116863  total: 66,0848632502117BTC     131321,01614505
0,000999  206,14981504  total: 66,2908069154367BTC     131527,16596009
0,00099999  10  total: 66,3008068154367BTC     131537,16596009
0,001  765,09717463  total: 67,0659039900667BTC     132302,26313472
0,00100041  28,6973  total: 67,0946130559597BTC     132330,96043472
0,001005  10  total: 67,1046630559597BTC     132340,96043472
0,00100833  935,07895296  total: 68,0475312165978BTC     133276,03938768
0,00101  0,719  total: 68,0482574065978BTC     133276,75838768
0,00103069  50  total: 68,0997919065978BTC     133326,75838768
0,0010369  58,87520797  total: 68,1608396097419BTC     133385,63359565
0,00104  0,719  total: 68,1615873697419BTC     133386,35259565
0,00104157  10  total: 68,1720030697419BTC     133396,35259565
0,00104222  35  total: 68,2084807697419BTC     133431,35259565
